{
 "cells": [
  {
   "cell_type": "code",
   "execution_count": 24,
   "id": "bf959f80",
   "metadata": {},
   "outputs": [
    {
     "data": {
      "text/html": [
       "<div>\n",
       "<style scoped>\n",
       "    .dataframe tbody tr th:only-of-type {\n",
       "        vertical-align: middle;\n",
       "    }\n",
       "\n",
       "    .dataframe tbody tr th {\n",
       "        vertical-align: top;\n",
       "    }\n",
       "\n",
       "    .dataframe thead th {\n",
       "        text-align: right;\n",
       "    }\n",
       "</style>\n",
       "<table border=\"1\" class=\"dataframe\">\n",
       "  <thead>\n",
       "    <tr style=\"text-align: right;\">\n",
       "      <th></th>\n",
       "      <th>car_ID</th>\n",
       "      <th>symboling</th>\n",
       "      <th>wheelbase</th>\n",
       "      <th>carlength</th>\n",
       "      <th>carwidth</th>\n",
       "      <th>carheight</th>\n",
       "      <th>curbweight</th>\n",
       "      <th>enginesize</th>\n",
       "      <th>boreratio</th>\n",
       "      <th>stroke</th>\n",
       "      <th>compressionratio</th>\n",
       "      <th>horsepower</th>\n",
       "      <th>peakrpm</th>\n",
       "      <th>citympg</th>\n",
       "      <th>highwaympg</th>\n",
       "      <th>price</th>\n",
       "      <th>fueleconomy</th>\n",
       "    </tr>\n",
       "  </thead>\n",
       "  <tbody>\n",
       "    <tr>\n",
       "      <th>car_ID</th>\n",
       "      <td>1.000000</td>\n",
       "      <td>-0.151621</td>\n",
       "      <td>0.129729</td>\n",
       "      <td>0.170636</td>\n",
       "      <td>0.052387</td>\n",
       "      <td>0.255960</td>\n",
       "      <td>0.071962</td>\n",
       "      <td>-0.033930</td>\n",
       "      <td>0.260064</td>\n",
       "      <td>-0.160824</td>\n",
       "      <td>0.150276</td>\n",
       "      <td>-0.015006</td>\n",
       "      <td>-0.203789</td>\n",
       "      <td>0.015940</td>\n",
       "      <td>0.011255</td>\n",
       "      <td>-0.109093</td>\n",
       "      <td>0.013872</td>\n",
       "    </tr>\n",
       "    <tr>\n",
       "      <th>symboling</th>\n",
       "      <td>-0.151621</td>\n",
       "      <td>1.000000</td>\n",
       "      <td>-0.531954</td>\n",
       "      <td>-0.357612</td>\n",
       "      <td>-0.232919</td>\n",
       "      <td>-0.541038</td>\n",
       "      <td>-0.227691</td>\n",
       "      <td>-0.105790</td>\n",
       "      <td>-0.130051</td>\n",
       "      <td>-0.008735</td>\n",
       "      <td>-0.178515</td>\n",
       "      <td>0.070873</td>\n",
       "      <td>0.273606</td>\n",
       "      <td>-0.035823</td>\n",
       "      <td>0.034606</td>\n",
       "      <td>-0.079978</td>\n",
       "      <td>-0.003257</td>\n",
       "    </tr>\n",
       "    <tr>\n",
       "      <th>wheelbase</th>\n",
       "      <td>0.129729</td>\n",
       "      <td>-0.531954</td>\n",
       "      <td>1.000000</td>\n",
       "      <td>0.874587</td>\n",
       "      <td>0.795144</td>\n",
       "      <td>0.589435</td>\n",
       "      <td>0.776386</td>\n",
       "      <td>0.569329</td>\n",
       "      <td>0.488750</td>\n",
       "      <td>0.160959</td>\n",
       "      <td>0.249786</td>\n",
       "      <td>0.353294</td>\n",
       "      <td>-0.360469</td>\n",
       "      <td>-0.470414</td>\n",
       "      <td>-0.544082</td>\n",
       "      <td>0.577816</td>\n",
       "      <td>-0.508136</td>\n",
       "    </tr>\n",
       "    <tr>\n",
       "      <th>carlength</th>\n",
       "      <td>0.170636</td>\n",
       "      <td>-0.357612</td>\n",
       "      <td>0.874587</td>\n",
       "      <td>1.000000</td>\n",
       "      <td>0.841118</td>\n",
       "      <td>0.491029</td>\n",
       "      <td>0.877728</td>\n",
       "      <td>0.683360</td>\n",
       "      <td>0.606454</td>\n",
       "      <td>0.129533</td>\n",
       "      <td>0.158414</td>\n",
       "      <td>0.552623</td>\n",
       "      <td>-0.287242</td>\n",
       "      <td>-0.670909</td>\n",
       "      <td>-0.704662</td>\n",
       "      <td>0.682921</td>\n",
       "      <td>-0.691472</td>\n",
       "    </tr>\n",
       "    <tr>\n",
       "      <th>carwidth</th>\n",
       "      <td>0.052387</td>\n",
       "      <td>-0.232919</td>\n",
       "      <td>0.795144</td>\n",
       "      <td>0.841118</td>\n",
       "      <td>1.000000</td>\n",
       "      <td>0.279210</td>\n",
       "      <td>0.867032</td>\n",
       "      <td>0.735433</td>\n",
       "      <td>0.559150</td>\n",
       "      <td>0.182942</td>\n",
       "      <td>0.181129</td>\n",
       "      <td>0.640732</td>\n",
       "      <td>-0.220012</td>\n",
       "      <td>-0.642704</td>\n",
       "      <td>-0.677218</td>\n",
       "      <td>0.759325</td>\n",
       "      <td>-0.663419</td>\n",
       "    </tr>\n",
       "    <tr>\n",
       "      <th>carheight</th>\n",
       "      <td>0.255960</td>\n",
       "      <td>-0.541038</td>\n",
       "      <td>0.589435</td>\n",
       "      <td>0.491029</td>\n",
       "      <td>0.279210</td>\n",
       "      <td>1.000000</td>\n",
       "      <td>0.295572</td>\n",
       "      <td>0.067149</td>\n",
       "      <td>0.171071</td>\n",
       "      <td>-0.055307</td>\n",
       "      <td>0.261214</td>\n",
       "      <td>-0.108802</td>\n",
       "      <td>-0.320411</td>\n",
       "      <td>-0.048640</td>\n",
       "      <td>-0.107358</td>\n",
       "      <td>0.119337</td>\n",
       "      <td>-0.076356</td>\n",
       "    </tr>\n",
       "    <tr>\n",
       "      <th>curbweight</th>\n",
       "      <td>0.071962</td>\n",
       "      <td>-0.227691</td>\n",
       "      <td>0.776386</td>\n",
       "      <td>0.877728</td>\n",
       "      <td>0.867032</td>\n",
       "      <td>0.295572</td>\n",
       "      <td>1.000000</td>\n",
       "      <td>0.850594</td>\n",
       "      <td>0.648480</td>\n",
       "      <td>0.168790</td>\n",
       "      <td>0.151362</td>\n",
       "      <td>0.750739</td>\n",
       "      <td>-0.266243</td>\n",
       "      <td>-0.757414</td>\n",
       "      <td>-0.797465</td>\n",
       "      <td>0.835305</td>\n",
       "      <td>-0.781535</td>\n",
       "    </tr>\n",
       "    <tr>\n",
       "      <th>enginesize</th>\n",
       "      <td>-0.033930</td>\n",
       "      <td>-0.105790</td>\n",
       "      <td>0.569329</td>\n",
       "      <td>0.683360</td>\n",
       "      <td>0.735433</td>\n",
       "      <td>0.067149</td>\n",
       "      <td>0.850594</td>\n",
       "      <td>1.000000</td>\n",
       "      <td>0.583774</td>\n",
       "      <td>0.203129</td>\n",
       "      <td>0.028971</td>\n",
       "      <td>0.809769</td>\n",
       "      <td>-0.244660</td>\n",
       "      <td>-0.653658</td>\n",
       "      <td>-0.677470</td>\n",
       "      <td>0.874145</td>\n",
       "      <td>-0.669464</td>\n",
       "    </tr>\n",
       "    <tr>\n",
       "      <th>boreratio</th>\n",
       "      <td>0.260064</td>\n",
       "      <td>-0.130051</td>\n",
       "      <td>0.488750</td>\n",
       "      <td>0.606454</td>\n",
       "      <td>0.559150</td>\n",
       "      <td>0.171071</td>\n",
       "      <td>0.648480</td>\n",
       "      <td>0.583774</td>\n",
       "      <td>1.000000</td>\n",
       "      <td>-0.055909</td>\n",
       "      <td>0.005197</td>\n",
       "      <td>0.573677</td>\n",
       "      <td>-0.254976</td>\n",
       "      <td>-0.584532</td>\n",
       "      <td>-0.587012</td>\n",
       "      <td>0.553174</td>\n",
       "      <td>-0.589898</td>\n",
       "    </tr>\n",
       "    <tr>\n",
       "      <th>stroke</th>\n",
       "      <td>-0.160824</td>\n",
       "      <td>-0.008735</td>\n",
       "      <td>0.160959</td>\n",
       "      <td>0.129533</td>\n",
       "      <td>0.182942</td>\n",
       "      <td>-0.055307</td>\n",
       "      <td>0.168790</td>\n",
       "      <td>0.203129</td>\n",
       "      <td>-0.055909</td>\n",
       "      <td>1.000000</td>\n",
       "      <td>0.186110</td>\n",
       "      <td>0.080940</td>\n",
       "      <td>-0.067964</td>\n",
       "      <td>-0.042145</td>\n",
       "      <td>-0.043931</td>\n",
       "      <td>0.079443</td>\n",
       "      <td>-0.043281</td>\n",
       "    </tr>\n",
       "    <tr>\n",
       "      <th>compressionratio</th>\n",
       "      <td>0.150276</td>\n",
       "      <td>-0.178515</td>\n",
       "      <td>0.249786</td>\n",
       "      <td>0.158414</td>\n",
       "      <td>0.181129</td>\n",
       "      <td>0.261214</td>\n",
       "      <td>0.151362</td>\n",
       "      <td>0.028971</td>\n",
       "      <td>0.005197</td>\n",
       "      <td>0.186110</td>\n",
       "      <td>1.000000</td>\n",
       "      <td>-0.204326</td>\n",
       "      <td>-0.435741</td>\n",
       "      <td>0.324701</td>\n",
       "      <td>0.265201</td>\n",
       "      <td>0.067984</td>\n",
       "      <td>0.299310</td>\n",
       "    </tr>\n",
       "    <tr>\n",
       "      <th>horsepower</th>\n",
       "      <td>-0.015006</td>\n",
       "      <td>0.070873</td>\n",
       "      <td>0.353294</td>\n",
       "      <td>0.552623</td>\n",
       "      <td>0.640732</td>\n",
       "      <td>-0.108802</td>\n",
       "      <td>0.750739</td>\n",
       "      <td>0.809769</td>\n",
       "      <td>0.573677</td>\n",
       "      <td>0.080940</td>\n",
       "      <td>-0.204326</td>\n",
       "      <td>1.000000</td>\n",
       "      <td>0.131073</td>\n",
       "      <td>-0.801456</td>\n",
       "      <td>-0.770544</td>\n",
       "      <td>0.808138</td>\n",
       "      <td>-0.792822</td>\n",
       "    </tr>\n",
       "    <tr>\n",
       "      <th>peakrpm</th>\n",
       "      <td>-0.203789</td>\n",
       "      <td>0.273606</td>\n",
       "      <td>-0.360469</td>\n",
       "      <td>-0.287242</td>\n",
       "      <td>-0.220012</td>\n",
       "      <td>-0.320411</td>\n",
       "      <td>-0.266243</td>\n",
       "      <td>-0.244660</td>\n",
       "      <td>-0.254976</td>\n",
       "      <td>-0.067964</td>\n",
       "      <td>-0.435741</td>\n",
       "      <td>0.131073</td>\n",
       "      <td>1.000000</td>\n",
       "      <td>-0.113544</td>\n",
       "      <td>-0.054275</td>\n",
       "      <td>-0.085268</td>\n",
       "      <td>-0.086739</td>\n",
       "    </tr>\n",
       "    <tr>\n",
       "      <th>citympg</th>\n",
       "      <td>0.015940</td>\n",
       "      <td>-0.035823</td>\n",
       "      <td>-0.470414</td>\n",
       "      <td>-0.670909</td>\n",
       "      <td>-0.642704</td>\n",
       "      <td>-0.048640</td>\n",
       "      <td>-0.757414</td>\n",
       "      <td>-0.653658</td>\n",
       "      <td>-0.584532</td>\n",
       "      <td>-0.042145</td>\n",
       "      <td>0.324701</td>\n",
       "      <td>-0.801456</td>\n",
       "      <td>-0.113544</td>\n",
       "      <td>1.000000</td>\n",
       "      <td>0.971337</td>\n",
       "      <td>-0.685752</td>\n",
       "      <td>0.993844</td>\n",
       "    </tr>\n",
       "    <tr>\n",
       "      <th>highwaympg</th>\n",
       "      <td>0.011255</td>\n",
       "      <td>0.034606</td>\n",
       "      <td>-0.544082</td>\n",
       "      <td>-0.704662</td>\n",
       "      <td>-0.677218</td>\n",
       "      <td>-0.107358</td>\n",
       "      <td>-0.797465</td>\n",
       "      <td>-0.677470</td>\n",
       "      <td>-0.587012</td>\n",
       "      <td>-0.043931</td>\n",
       "      <td>0.265201</td>\n",
       "      <td>-0.770544</td>\n",
       "      <td>-0.054275</td>\n",
       "      <td>0.971337</td>\n",
       "      <td>1.000000</td>\n",
       "      <td>-0.697600</td>\n",
       "      <td>0.991692</td>\n",
       "    </tr>\n",
       "    <tr>\n",
       "      <th>price</th>\n",
       "      <td>-0.109093</td>\n",
       "      <td>-0.079978</td>\n",
       "      <td>0.577816</td>\n",
       "      <td>0.682921</td>\n",
       "      <td>0.759325</td>\n",
       "      <td>0.119337</td>\n",
       "      <td>0.835305</td>\n",
       "      <td>0.874145</td>\n",
       "      <td>0.553174</td>\n",
       "      <td>0.079443</td>\n",
       "      <td>0.067984</td>\n",
       "      <td>0.808138</td>\n",
       "      <td>-0.085268</td>\n",
       "      <td>-0.685752</td>\n",
       "      <td>-0.697600</td>\n",
       "      <td>1.000000</td>\n",
       "      <td>-0.696214</td>\n",
       "    </tr>\n",
       "    <tr>\n",
       "      <th>fueleconomy</th>\n",
       "      <td>0.013872</td>\n",
       "      <td>-0.003257</td>\n",
       "      <td>-0.508136</td>\n",
       "      <td>-0.691472</td>\n",
       "      <td>-0.663419</td>\n",
       "      <td>-0.076356</td>\n",
       "      <td>-0.781535</td>\n",
       "      <td>-0.669464</td>\n",
       "      <td>-0.589898</td>\n",
       "      <td>-0.043281</td>\n",
       "      <td>0.299310</td>\n",
       "      <td>-0.792822</td>\n",
       "      <td>-0.086739</td>\n",
       "      <td>0.993844</td>\n",
       "      <td>0.991692</td>\n",
       "      <td>-0.696214</td>\n",
       "      <td>1.000000</td>\n",
       "    </tr>\n",
       "  </tbody>\n",
       "</table>\n",
       "</div>"
      ],
      "text/plain": [
       "                    car_ID  symboling  wheelbase  carlength  carwidth  \\\n",
       "car_ID            1.000000  -0.151621   0.129729   0.170636  0.052387   \n",
       "symboling        -0.151621   1.000000  -0.531954  -0.357612 -0.232919   \n",
       "wheelbase         0.129729  -0.531954   1.000000   0.874587  0.795144   \n",
       "carlength         0.170636  -0.357612   0.874587   1.000000  0.841118   \n",
       "carwidth          0.052387  -0.232919   0.795144   0.841118  1.000000   \n",
       "carheight         0.255960  -0.541038   0.589435   0.491029  0.279210   \n",
       "curbweight        0.071962  -0.227691   0.776386   0.877728  0.867032   \n",
       "enginesize       -0.033930  -0.105790   0.569329   0.683360  0.735433   \n",
       "boreratio         0.260064  -0.130051   0.488750   0.606454  0.559150   \n",
       "stroke           -0.160824  -0.008735   0.160959   0.129533  0.182942   \n",
       "compressionratio  0.150276  -0.178515   0.249786   0.158414  0.181129   \n",
       "horsepower       -0.015006   0.070873   0.353294   0.552623  0.640732   \n",
       "peakrpm          -0.203789   0.273606  -0.360469  -0.287242 -0.220012   \n",
       "citympg           0.015940  -0.035823  -0.470414  -0.670909 -0.642704   \n",
       "highwaympg        0.011255   0.034606  -0.544082  -0.704662 -0.677218   \n",
       "price            -0.109093  -0.079978   0.577816   0.682921  0.759325   \n",
       "fueleconomy       0.013872  -0.003257  -0.508136  -0.691472 -0.663419   \n",
       "\n",
       "                  carheight  curbweight  enginesize  boreratio    stroke  \\\n",
       "car_ID             0.255960    0.071962   -0.033930   0.260064 -0.160824   \n",
       "symboling         -0.541038   -0.227691   -0.105790  -0.130051 -0.008735   \n",
       "wheelbase          0.589435    0.776386    0.569329   0.488750  0.160959   \n",
       "carlength          0.491029    0.877728    0.683360   0.606454  0.129533   \n",
       "carwidth           0.279210    0.867032    0.735433   0.559150  0.182942   \n",
       "carheight          1.000000    0.295572    0.067149   0.171071 -0.055307   \n",
       "curbweight         0.295572    1.000000    0.850594   0.648480  0.168790   \n",
       "enginesize         0.067149    0.850594    1.000000   0.583774  0.203129   \n",
       "boreratio          0.171071    0.648480    0.583774   1.000000 -0.055909   \n",
       "stroke            -0.055307    0.168790    0.203129  -0.055909  1.000000   \n",
       "compressionratio   0.261214    0.151362    0.028971   0.005197  0.186110   \n",
       "horsepower        -0.108802    0.750739    0.809769   0.573677  0.080940   \n",
       "peakrpm           -0.320411   -0.266243   -0.244660  -0.254976 -0.067964   \n",
       "citympg           -0.048640   -0.757414   -0.653658  -0.584532 -0.042145   \n",
       "highwaympg        -0.107358   -0.797465   -0.677470  -0.587012 -0.043931   \n",
       "price              0.119337    0.835305    0.874145   0.553174  0.079443   \n",
       "fueleconomy       -0.076356   -0.781535   -0.669464  -0.589898 -0.043281   \n",
       "\n",
       "                  compressionratio  horsepower   peakrpm   citympg  \\\n",
       "car_ID                    0.150276   -0.015006 -0.203789  0.015940   \n",
       "symboling                -0.178515    0.070873  0.273606 -0.035823   \n",
       "wheelbase                 0.249786    0.353294 -0.360469 -0.470414   \n",
       "carlength                 0.158414    0.552623 -0.287242 -0.670909   \n",
       "carwidth                  0.181129    0.640732 -0.220012 -0.642704   \n",
       "carheight                 0.261214   -0.108802 -0.320411 -0.048640   \n",
       "curbweight                0.151362    0.750739 -0.266243 -0.757414   \n",
       "enginesize                0.028971    0.809769 -0.244660 -0.653658   \n",
       "boreratio                 0.005197    0.573677 -0.254976 -0.584532   \n",
       "stroke                    0.186110    0.080940 -0.067964 -0.042145   \n",
       "compressionratio          1.000000   -0.204326 -0.435741  0.324701   \n",
       "horsepower               -0.204326    1.000000  0.131073 -0.801456   \n",
       "peakrpm                  -0.435741    0.131073  1.000000 -0.113544   \n",
       "citympg                   0.324701   -0.801456 -0.113544  1.000000   \n",
       "highwaympg                0.265201   -0.770544 -0.054275  0.971337   \n",
       "price                     0.067984    0.808138 -0.085268 -0.685752   \n",
       "fueleconomy               0.299310   -0.792822 -0.086739  0.993844   \n",
       "\n",
       "                  highwaympg     price  fueleconomy  \n",
       "car_ID              0.011255 -0.109093     0.013872  \n",
       "symboling           0.034606 -0.079978    -0.003257  \n",
       "wheelbase          -0.544082  0.577816    -0.508136  \n",
       "carlength          -0.704662  0.682921    -0.691472  \n",
       "carwidth           -0.677218  0.759325    -0.663419  \n",
       "carheight          -0.107358  0.119337    -0.076356  \n",
       "curbweight         -0.797465  0.835305    -0.781535  \n",
       "enginesize         -0.677470  0.874145    -0.669464  \n",
       "boreratio          -0.587012  0.553174    -0.589898  \n",
       "stroke             -0.043931  0.079443    -0.043281  \n",
       "compressionratio    0.265201  0.067984     0.299310  \n",
       "horsepower         -0.770544  0.808138    -0.792822  \n",
       "peakrpm            -0.054275 -0.085268    -0.086739  \n",
       "citympg             0.971337 -0.685752     0.993844  \n",
       "highwaympg          1.000000 -0.697600     0.991692  \n",
       "price              -0.697600  1.000000    -0.696214  \n",
       "fueleconomy         0.991692 -0.696214     1.000000  "
      ]
     },
     "execution_count": 24,
     "metadata": {},
     "output_type": "execute_result"
    }
   ],
   "source": [
    "cor = cars.corr()\n",
    "cor"
   ]
  },
  {
   "cell_type": "code",
   "execution_count": 25,
   "id": "049ebd09",
   "metadata": {},
   "outputs": [
    {
     "name": "stdout",
     "output_type": "stream",
     "text": [
      "0.874587475964264 -- 3 -- 2 -- carlength -- wheelbase\n",
      "0.8411182684818453 -- 4 -- 3 -- carwidth -- carlength\n",
      "0.8777284608306433 -- 6 -- 3 -- curbweight -- carlength\n",
      "0.8670324646791233 -- 6 -- 4 -- curbweight -- carwidth\n",
      "0.850594073426277 -- 7 -- 6 -- enginesize -- curbweight\n",
      "0.8097686545377302 -- 11 -- 7 -- horsepower -- enginesize\n",
      "0.8014561756662708 -- 13 -- 11 -- citympg -- horsepower\n",
      "0.9713370423425045 -- 14 -- 13 -- highwaympg -- citympg\n",
      "0.835305437204371 -- 15 -- 6 -- price -- curbweight\n",
      "0.8741451426986426 -- 15 -- 7 -- price -- enginesize\n",
      "0.8081381197889799 -- 15 -- 11 -- price -- horsepower\n",
      "0.9938444201653043 -- 16 -- 13 -- fueleconomy -- citympg\n",
      "0.9916921560568324 -- 16 -- 14 -- fueleconomy -- highwaympg\n",
      "Index(['car_ID', 'symboling', 'wheelbase', 'carlength', 'carwidth',\n",
      "       'carheight', 'curbweight', 'enginesize', 'boreratio', 'stroke',\n",
      "       'compressionratio', 'horsepower', 'peakrpm', 'citympg', 'highwaympg',\n",
      "       'price', 'fueleconomy'],\n",
      "      dtype='object')\n",
      "-------------------------------------------------------------------------------------\n",
      "{'price', 'highwaympg', 'carwidth', 'wheelbase', 'fueleconomy', 'horsepower', 'enginesize', 'citympg', 'carlength', 'curbweight'}\n"
     ]
    }
   ],
   "source": [
    "correlated_features = set()\n",
    "for i in range(len(cor.columns)):\n",
    "    for j in range(i):\n",
    "        if abs(cor.iloc[i,j]) > 0.8:\n",
    "            colname1 = cor.columns[i]\n",
    "            colname2 = cor.columns[j]\n",
    "            print(abs(cor.iloc[i,j]),\"--\",i,\"--\",j,\"--\",colname1,\"--\",colname2)\n",
    "            correlated_features.add(colname1)\n",
    "            correlated_features.add(colname2)\n",
    "print(cor.columns)\n",
    "print(\"-------------------------------------------------------------------------------------\")\n",
    "print(correlated_features)"
   ]
  },
  {
   "cell_type": "code",
   "execution_count": 26,
   "id": "c362f89d",
   "metadata": {},
   "outputs": [
    {
     "data": {
      "text/html": [
       "<div>\n",
       "<style scoped>\n",
       "    .dataframe tbody tr th:only-of-type {\n",
       "        vertical-align: middle;\n",
       "    }\n",
       "\n",
       "    .dataframe tbody tr th {\n",
       "        vertical-align: top;\n",
       "    }\n",
       "\n",
       "    .dataframe thead th {\n",
       "        text-align: right;\n",
       "    }\n",
       "</style>\n",
       "<table border=\"1\" class=\"dataframe\">\n",
       "  <thead>\n",
       "    <tr style=\"text-align: right;\">\n",
       "      <th></th>\n",
       "      <th>price</th>\n",
       "      <th>highwaympg</th>\n",
       "      <th>carwidth</th>\n",
       "      <th>wheelbase</th>\n",
       "      <th>fueleconomy</th>\n",
       "      <th>horsepower</th>\n",
       "      <th>enginesize</th>\n",
       "      <th>citympg</th>\n",
       "      <th>carlength</th>\n",
       "      <th>curbweight</th>\n",
       "    </tr>\n",
       "  </thead>\n",
       "  <tbody>\n",
       "    <tr>\n",
       "      <th>price</th>\n",
       "      <td>1.000000</td>\n",
       "      <td>-0.697600</td>\n",
       "      <td>0.759325</td>\n",
       "      <td>0.577816</td>\n",
       "      <td>-0.696214</td>\n",
       "      <td>0.808138</td>\n",
       "      <td>0.874145</td>\n",
       "      <td>-0.685752</td>\n",
       "      <td>0.682921</td>\n",
       "      <td>0.835305</td>\n",
       "    </tr>\n",
       "    <tr>\n",
       "      <th>highwaympg</th>\n",
       "      <td>-0.697600</td>\n",
       "      <td>1.000000</td>\n",
       "      <td>-0.677218</td>\n",
       "      <td>-0.544082</td>\n",
       "      <td>0.991692</td>\n",
       "      <td>-0.770544</td>\n",
       "      <td>-0.677470</td>\n",
       "      <td>0.971337</td>\n",
       "      <td>-0.704662</td>\n",
       "      <td>-0.797465</td>\n",
       "    </tr>\n",
       "    <tr>\n",
       "      <th>carwidth</th>\n",
       "      <td>0.759325</td>\n",
       "      <td>-0.677218</td>\n",
       "      <td>1.000000</td>\n",
       "      <td>0.795144</td>\n",
       "      <td>-0.663419</td>\n",
       "      <td>0.640732</td>\n",
       "      <td>0.735433</td>\n",
       "      <td>-0.642704</td>\n",
       "      <td>0.841118</td>\n",
       "      <td>0.867032</td>\n",
       "    </tr>\n",
       "    <tr>\n",
       "      <th>wheelbase</th>\n",
       "      <td>0.577816</td>\n",
       "      <td>-0.544082</td>\n",
       "      <td>0.795144</td>\n",
       "      <td>1.000000</td>\n",
       "      <td>-0.508136</td>\n",
       "      <td>0.353294</td>\n",
       "      <td>0.569329</td>\n",
       "      <td>-0.470414</td>\n",
       "      <td>0.874587</td>\n",
       "      <td>0.776386</td>\n",
       "    </tr>\n",
       "    <tr>\n",
       "      <th>fueleconomy</th>\n",
       "      <td>-0.696214</td>\n",
       "      <td>0.991692</td>\n",
       "      <td>-0.663419</td>\n",
       "      <td>-0.508136</td>\n",
       "      <td>1.000000</td>\n",
       "      <td>-0.792822</td>\n",
       "      <td>-0.669464</td>\n",
       "      <td>0.993844</td>\n",
       "      <td>-0.691472</td>\n",
       "      <td>-0.781535</td>\n",
       "    </tr>\n",
       "    <tr>\n",
       "      <th>horsepower</th>\n",
       "      <td>0.808138</td>\n",
       "      <td>-0.770544</td>\n",
       "      <td>0.640732</td>\n",
       "      <td>0.353294</td>\n",
       "      <td>-0.792822</td>\n",
       "      <td>1.000000</td>\n",
       "      <td>0.809769</td>\n",
       "      <td>-0.801456</td>\n",
       "      <td>0.552623</td>\n",
       "      <td>0.750739</td>\n",
       "    </tr>\n",
       "    <tr>\n",
       "      <th>enginesize</th>\n",
       "      <td>0.874145</td>\n",
       "      <td>-0.677470</td>\n",
       "      <td>0.735433</td>\n",
       "      <td>0.569329</td>\n",
       "      <td>-0.669464</td>\n",
       "      <td>0.809769</td>\n",
       "      <td>1.000000</td>\n",
       "      <td>-0.653658</td>\n",
       "      <td>0.683360</td>\n",
       "      <td>0.850594</td>\n",
       "    </tr>\n",
       "    <tr>\n",
       "      <th>citympg</th>\n",
       "      <td>-0.685752</td>\n",
       "      <td>0.971337</td>\n",
       "      <td>-0.642704</td>\n",
       "      <td>-0.470414</td>\n",
       "      <td>0.993844</td>\n",
       "      <td>-0.801456</td>\n",
       "      <td>-0.653658</td>\n",
       "      <td>1.000000</td>\n",
       "      <td>-0.670909</td>\n",
       "      <td>-0.757414</td>\n",
       "    </tr>\n",
       "    <tr>\n",
       "      <th>carlength</th>\n",
       "      <td>0.682921</td>\n",
       "      <td>-0.704662</td>\n",
       "      <td>0.841118</td>\n",
       "      <td>0.874587</td>\n",
       "      <td>-0.691472</td>\n",
       "      <td>0.552623</td>\n",
       "      <td>0.683360</td>\n",
       "      <td>-0.670909</td>\n",
       "      <td>1.000000</td>\n",
       "      <td>0.877728</td>\n",
       "    </tr>\n",
       "    <tr>\n",
       "      <th>curbweight</th>\n",
       "      <td>0.835305</td>\n",
       "      <td>-0.797465</td>\n",
       "      <td>0.867032</td>\n",
       "      <td>0.776386</td>\n",
       "      <td>-0.781535</td>\n",
       "      <td>0.750739</td>\n",
       "      <td>0.850594</td>\n",
       "      <td>-0.757414</td>\n",
       "      <td>0.877728</td>\n",
       "      <td>1.000000</td>\n",
       "    </tr>\n",
       "  </tbody>\n",
       "</table>\n",
       "</div>"
      ],
      "text/plain": [
       "                price  highwaympg  carwidth  wheelbase  fueleconomy  \\\n",
       "price        1.000000   -0.697600  0.759325   0.577816    -0.696214   \n",
       "highwaympg  -0.697600    1.000000 -0.677218  -0.544082     0.991692   \n",
       "carwidth     0.759325   -0.677218  1.000000   0.795144    -0.663419   \n",
       "wheelbase    0.577816   -0.544082  0.795144   1.000000    -0.508136   \n",
       "fueleconomy -0.696214    0.991692 -0.663419  -0.508136     1.000000   \n",
       "horsepower   0.808138   -0.770544  0.640732   0.353294    -0.792822   \n",
       "enginesize   0.874145   -0.677470  0.735433   0.569329    -0.669464   \n",
       "citympg     -0.685752    0.971337 -0.642704  -0.470414     0.993844   \n",
       "carlength    0.682921   -0.704662  0.841118   0.874587    -0.691472   \n",
       "curbweight   0.835305   -0.797465  0.867032   0.776386    -0.781535   \n",
       "\n",
       "             horsepower  enginesize   citympg  carlength  curbweight  \n",
       "price          0.808138    0.874145 -0.685752   0.682921    0.835305  \n",
       "highwaympg    -0.770544   -0.677470  0.971337  -0.704662   -0.797465  \n",
       "carwidth       0.640732    0.735433 -0.642704   0.841118    0.867032  \n",
       "wheelbase      0.353294    0.569329 -0.470414   0.874587    0.776386  \n",
       "fueleconomy   -0.792822   -0.669464  0.993844  -0.691472   -0.781535  \n",
       "horsepower     1.000000    0.809769 -0.801456   0.552623    0.750739  \n",
       "enginesize     0.809769    1.000000 -0.653658   0.683360    0.850594  \n",
       "citympg       -0.801456   -0.653658  1.000000  -0.670909   -0.757414  \n",
       "carlength      0.552623    0.683360 -0.670909   1.000000    0.877728  \n",
       "curbweight     0.750739    0.850594 -0.757414   0.877728    1.000000  "
      ]
     },
     "execution_count": 26,
     "metadata": {},
     "output_type": "execute_result"
    }
   ],
   "source": [
    "corh = cars[correlated_features].corr()\n",
    "corh"
   ]
  },
  {
   "cell_type": "code",
   "execution_count": 27,
   "id": "0edee662",
   "metadata": {},
   "outputs": [
    {
     "data": {
      "text/plain": [
       "<AxesSubplot:>"
      ]
     },
     "execution_count": 27,
     "metadata": {},
     "output_type": "execute_result"
    },
    {
     "data": {
